   2.0000000e+09  -4.2359332e+00   2.0000000e+09   1.5260532e+02   2.0000000e+09  -2.0555195e+00   2.0000000e+09  -1.1757450e+02
   2.0500000e+09  -5.6454418e+00   2.0500000e+09   1.4072916e+02   2.0500000e+09  -1.3820092e+00   2.0500000e+09  -1.2949549e+02
   2.1000000e+09  -8.2855770e+00   2.1000000e+09   1.2681669e+02   2.1000000e+09  -6.9766265e-01   2.1000000e+09  -1.4349824e+02
   2.1500000e+09  -1.4044950e+01   2.1500000e+09   1.1087724e+02   2.1500000e+09  -1.7458236e-01   2.1500000e+09  -1.5971132e+02
   2.2000000e+09  -3.2883864e+01   2.2000000e+09  -9.1745277e+01   2.2000000e+09  -2.2408021e-03   2.2000000e+09  -1.7735484e+02
   2.2500000e+09  -1.2432395e+01   2.2500000e+09  -1.0510269e+02   2.2500000e+09  -2.5542384e-01   2.2500000e+09   1.6520988e+02
   2.3000000e+09  -7.5721153e+00   2.3000000e+09  -1.2080453e+02   2.3000000e+09  -8.3493599e-01   2.3000000e+09   1.4929988e+02
   2.3500000e+09  -5.2417163e+00   2.3500000e+09  -1.3438999e+02   2.3500000e+09  -1.5434952e+00   2.3500000e+09   1.3563318e+02
   2.4000000e+09  -3.9846503e+00   2.4000000e+09  -1.4595672e+02   2.4000000e+09  -2.2149957e+00   2.4000000e+09   1.2401967e+02
   2.4500000e+09  -3.2870193e+00   2.4500000e+09  -1.5600531e+02   2.4500000e+09  -2.7501658e+00   2.4500000e+09   1.1393674e+02
   2.5000000e+09  -2.9236355e+00   2.5000000e+09  -1.6506074e+02   2.5000000e+09  -3.0987338e+00   2.5000000e+09   1.0485270e+02
   2.5500000e+09  -2.7912575e+00   2.5500000e+09  -1.7363234e+02   2.5500000e+09  -3.2409842e+00   2.5500000e+09   9.6253683e+01
   2.6000000e+09  -2.8578879e+00   2.6000000e+09   1.7786158e+02   2.6000000e+09  -3.1682604e+00   2.6000000e+09   8.7718163e+01
   2.6500000e+09  -3.1427052e+00   2.6500000e+09   1.6898490e+02   2.6500000e+09  -2.8818166e+00   2.6500000e+09   7.8808123e+01
   2.7000000e+09  -3.7224501e+00   2.7000000e+09   1.5928847e+02   2.7000000e+09  -2.3986461e+00   2.7000000e+09   6.9068518e+01
   2.7500000e+09  -4.7813853e+00   2.7500000e+09   1.4820897e+02   2.7500000e+09  -1.7558393e+00   2.7500000e+09   5.7926545e+01
   2.8000000e+09  -6.7279202e+00   2.8000000e+09   1.3522690e+02   2.8000000e+09  -1.0370913e+00   2.8000000e+09   4.4840492e+01
   2.8500000e+09  -1.0642048e+01   2.8500000e+09   1.2003840e+02   2.8500000e+09  -3.9176431e-01   2.8500000e+09   2.9416173e+01
   2.9000000e+09  -2.1949436e+01   2.9000000e+09   1.0419463e+02   2.9000000e+09  -2.7816093e-02   2.9000000e+09   1.2009724e+01
   2.9500000e+09  -1.6530981e+01   2.9500000e+09  -9.7022548e+01   2.9500000e+09  -9.7628605e-02   2.9500000e+09  -6.0065345e+00
   3.0000000e+09  -9.0601815e+00   3.0000000e+09  -1.1332445e+02   3.0000000e+09  -5.7575673e-01   3.0000000e+09  -2.3001320e+01
